# Created by Octave 4.4.1, Fri Jun 07 11:44:14 2019 GMT <unknown@LAPTOP-J5UGJUJA>
# name: X
# type: matrix
# rows: 15
# columns: 2
 1 20
 1 16
 1 19.800000000000001
 1 18.399999999999999
 1 17.100000000000001
 1 15.5
 1 14.699999999999999
 1 17.100000000000001
 1 15.4
 1 16.300000000000001
 1 15
 1 17.199999999999999
 1 16
 1 17
 1 14.4


# name: data
# type: matrix
# rows: 15
# columns: 2
 88.599999999999994 20
 71.599999999999994 16
 93.299999999999997 19.800000000000001
 84.299999999999997 18.399999999999999
 80.599999999999994 17.100000000000001
 75.200000000000003 15.5
 69.700000000000003 14.699999999999999
 82 17.100000000000001
 69.400000000000006 15.4
 83.299999999999997 16.300000000000001
 79.599999999999994 15
 82.599999999999994 17.199999999999999
 80.599999999999994 16
 83.5 17
 76.299999999999997 14.4


# name: m
# type: scalar
15


# name: theta
# type: matrix
# rows: 2
# columns: 1
 24.966014428287551
 3.305761438878271


# name: x
# type: matrix
# rows: 15
# columns: 1
 20
 16
 19.800000000000001
 18.399999999999999
 17.100000000000001
 15.5
 14.699999999999999
 17.100000000000001
 15.4
 16.300000000000001
 15
 17.199999999999999
 16
 17
 14.4


# name: y
# type: matrix
# rows: 15
# columns: 1
 88.599999999999994
 71.599999999999994
 93.299999999999997
 84.299999999999997
 80.599999999999994
 75.200000000000003
 69.700000000000003
 82
 69.400000000000006
 83.299999999999997
 79.599999999999994
 82.599999999999994
 80.599999999999994
 83.5
 76.299999999999997


